   step     loss   expAL    gap   p_tgt  P_mean  exit_w     acc         lr    grad
     10   0.1047   7.162  5.995  0.3889  0.1119  0.9740  0.5122   2.29e-07  0.2257
    100   0.1052   6.642  5.426  0.3644  0.1038  0.9763  0.4712   2.10e-06  0.1846
    500   0.0976   6.572  5.316  0.3723  0.1027  0.9712  0.4675   1.00e-05  0.1102
   1000   0.0950   7.037  5.696  0.3989  0.1100  0.9751  0.4930   1.00e-05  0.1125
   2000   0.0761   6.790  5.442  0.4216  0.1061  0.9697  0.4863   9.98e-06  0.0963
   5000   0.0645   7.830  6.298  0.4897  0.1224  0.9816  0.5515   9.78e-06  0.0817
  10000   0.0602   6.955  5.283  0.4696  0.1087  0.9762  0.5134   9.05e-06  0.0720
  15000   0.0588   7.538  5.652  0.4937  0.1178  0.9799  0.5403   7.88e-06  0.0821
  20000   0.0514   6.181  4.611  0.4158  0.0966  0.9627  0.4503   6.41e-06  0.0673
  25000   0.0540   7.702  5.975  0.5138  0.1203  0.9794  0.5741   4.78e-06  0.0894
  30000   0.0510   7.184  5.572  0.4771  0.1122  0.9688  0.5303   3.18e-06  0.0731
  35000   0.0568   6.491  4.905  0.4490  0.1014  0.9722  0.4929   1.77e-06  0.0916
  40000   0.0543   7.291  5.530  0.4857  0.1139  0.9827  0.5275   7.10e-07  0.0726
  45000   0.0512   6.352  4.699  0.4292  0.0992  0.9663  0.4733   1.10e-07  0.0697
  48190   0.0515   6.630  5.052  0.4481  0.1036  0.9652  0.4904   9.75e-14  0.0668
